001110100010101011011000111000
100011010010110011100011111111
000100010110000100000110111010
101111001000010110000011110110
100011110000100001001010100001
001111011010100011111110010001
101011101000101000010011000000
011000101000001001000001011011
000111100100111000111001101110
000101111101001111101010001101
000010101000101011110011110010
011101101001101100001000100110
101000010000100110110010010111
111100000000011110100100011010
001011000111101110111100011111
100100110000000011101010010011
001001100110011101101110001100
010100001001100111110100101111
010011110001000110111111101000
110001111101100011100110000000