001011000111101110111100011111
100011011011101110110100011111
111100000000011110100100011010
100011011011101110110100011111
001011000110110011100011111111
100011011011101110110100011111
100011011011101110110100011111
100011011011101110110100011111
100011011011101110110100011111
100011011011101110110100011111
101111001000010110000011110110
100011011011101110110100011111
101111001000010110000011110110
100011011011101110110100011111
101000010000100110110010010111
100011011011101110110100011111
100011010010110011100011111111
100011011011101110110100011111
001011000111101110111100011111
100011011011101110110100011111