001011111010110011011111001010
001011111010110011011111001110
001011111010110011011111001110
001011111010110011011111001110
001011111010110011011111001110
001011111010110011011111001110
001011111010110011011111001110
001011111010110011011111001110
001011111010110011011111001110
001011111010110011011111001110
001011111010110011011111001110
001011111010110011011111001110
001011111010110011011111001110
001011111010110011011111001110
001011111010110011011111001110
001011111010110011011111001110
001011111010110011011111001110
001011111010110011011111001110
001011111010110011011111001010
001011111010110011011111001110