100110011011110110101100011110
000111011011110110101100011111
000111011011110110101100011111
000111011011110110101100011111
000111011011110110101100011111
000111011011110110101100011111
000111011011110110101100011111
000111011011110110101100011111
000111011011110110101100011111
000111011011110110101100011111
000111011011110110101100011111
000111011011110110101100011111
000111011011110110101100011111
000111011011110110101100011111
000111011011110110101100011111
000111011011110110101100011111
000111011011110110101100011111
000111011011110110101100011111
000111011011110110101100011111
000111011011110110101100011111