000111011011110110101100011111
000111011011110110101100011111
000101011011110110101100011111
000111011011110110101100011111
000111011011110110101100011111
000111011011110110101100011111
000101011011110110101100011111
000111011011110110101100011111
000101011011110110101100011111
000111011011110110101100011111
000101011011110110101100011111
000111011011110110101100011111
000111011011110110101100011111
000111011011110110101100011111
000101011011110110101100011111
000111011011110110101100011111
000111011011110110101100011111
000111011011110110101100011111
000111011011110110101100011111
000111011011110110101100011111