011001111110111110011110101110
011001111110111110011110101110
011001111110111110011110101110
011001111110111110011110101110
011001111110111110011110101110
011001111110111110011110101110
011001111110111110011110101110
011001111110111110011110101110
011001111110111110011110101110
011001111110111110011110101110
011001111110111110011110101110
011001111110111110011110101110
011001111110111110011110101110
011001111110111110011110101110
011001111110111110011110101110
011001111110111110011110101110
011001111110111110011110101110
011001111110111110011110101110
011001111110111110011110101110
011001111110111110011110101110