000111011011110110101101011111
000111011011110110101101011111
000111011011110110101101011111
000111011011110110101101011111
000111011011110110101101011111
000111011011110110101101011111
000111011011110110101101011111
000111011011110110101101011111
000111011011110110101101011111
000111011011110110101101011111
000111011011110110101101011111
000111011011110110101101011111
000111011011110110101100011111
000111011011110110101101011111
000111011011110110101101011111
000111011011110110101101011111
000111011011110110101101011111
000111011011110110101101011111
000111011011110110101101011111
000111011011110110101101011111