000111011011111110101101011111
010111011011111110101101011111
000111011011110110101101011111
010111011011111110101101011111
000111011011111110101101011111
010111011011111110101101011111
000111011011111110101101011111
010111011011111110101101011111
000111011011110110101101011111
010111011011111110101101011111
000111011011111110101101011111
010111011011111110101101011111
000111011011111110101101011111
010111011011111110101101011111
000111011011111110101101011111
010111011011111110101101011111
000111011011111110101101011111
010111011011111110101101011111
000111011011111110101101011111
010111011011111110101101011111