010111011011111110101101011111
010111011011111110101101011111
010111011011111110101101011111
010111011011111110101101011111
010111011011111110101101011111
010111011011111110101101011111
010111011011111110101101011111
010111011011111110101101011111
010111011011111110101101011111
010111011011111110101101011111
010111011011111110101101011111
010111011011111110101101011111
010111011011111110101101011111
010111011011111110101101011111
010111011011111110101101011111
010111011011111110101101011111
010111011011111110101101011111
010111011011111110101101011111
010111011011111110101101011111
010111011011111110101101011111