001001111010110011011111001110
001011111010110011011111001110
001011111010110011011111001110
001011111010110011011111001110
001011111010110011011111001110
001011111010110011011111001110
001011111010110011011111001110
001011111010110011011111001110
001001111010110011011111001110
001011111010110011011111001110
001011111010110011011111001110
001011111010110011011111001110
001001111010110011011111001110
001011111010110011011111001110
001011111010110011011111001110
001011111010110011011111001110
001011111010110011011111001110
001011111010110011011111001110
001011111010110011011111001110
001011111010110011011111001110