001011111010110111011111001110
001011111010110111011111001110
001011111010110111011111001110
001011111010110111011111001110
001011111010110111011111001110
001011111010110111011111001110
001011111010110111011111001110
001011111010110111011111001110
001011111010110111011111001110
001011111010110111011111001110
001011111010110111011111001110
001011111010110111011111001110
001011111010110111011111001110
001011111010110111011111001110
001011111010110111011111001110
001011111010110111011111001110
001011111010110011011111001110
001011111010110111011111001110
001011111010110111011111001110
001011111010110111011111001110