110110001000010111010101111111
001011111010110011011111001110
001011111010110011011111001110
001011111010110011011111001110
001011111010110011011111001110
001011111010110011011111001110
001011111010110011011111001110
001011111010110011011111001110
001011111010110011011111001110
001011111010110011011111001110
001011111010110011011111001110
001011111010110011011111001110
001011111010110011011111001110
001011111010110011011111001110
001011111010110011011111001110
001011111010110011011111001110
001011111010110011011111001110
001011111010110011011111001110
001011111010110011011111001110
001011111010110011011111001110