010111011111111110101101111111
010111011111111110101101111111
010111011111111110101101111111
010111011111111110101101111111
010111011111111110101101111111
010111011111111110101101111111
010111011111111110101101111111
010111011111111110101101111111
010111011111111110101101111111
010111011111111110101101111111
010111011111111110101101111111
010111011111111110101101111111
010111011111111110101101111111
010111011111111110101101111111
010111011111111110101101111111
010111011111111110101101111111
010111011111111110101101111111
010111011111111110101101111111
010111011111111110101101111111
010111011111111110101101111111