010111001001111110101101111111
010111001001111110101101111111
010111001001111110101101111111
010111001001111110101101111111
010111001001111110101101111111
010111001001111110101101111111
010111001001111110101101111111
010111001001111110101101111111
010111001001111110101101111111
010111001001111110101101111111
010111001001111110101101111111
010111001001111110101101111111
010111001001111110101101111111
010111001001111110101101111111
010111001001111110101101111111
010111001001111110101101111111
010111001001111110101101111111
010111001001111110101101111111
010111001001111110101101111111
010111001001111110101101111111