001011111011110111011111001110
101011111011110111011111001110
001011111011110111011111001110
101011111011110111011111001110
001011111011110111011111001110
101011111011110111011111001110
001011111011110111011111001110
101011111011110111011111001110
001011111011110111011111001110
101011111011110111011111001110
001011111011110111011111001110
101011111011110111011111001110
011011111010110111011111001110
101011111011110111011111001110
001011111011110111011111001110
101011111011110111011111001110
001011111011110111011111001110
101011111011110111011111001110
001011111011110111011111001110
101011111011110111011111001110