100111011011110110101100011111
100111011011110110101100011111
100111011011110110101100011111
100111011011110110101100011111
100111011011110110101100011111
100111011011110110101100011111
100111011011110110101100011111
100111011011110110101100011111
100111011011110110101100011111
100111011011110110101100011111
100111011011110110101100011111
100111011011110110101100011111
100111011011110110101100011111
100111011011110110101100011111
100011011011101110101100011111
100111011011110110101100011111
100111011011110110101100011111
100111011011110110101100011111
100111011011110110101100011111
100111011011110110101100011111