010111001001111110101111111111
010111001001111110101111111111
010111001001111110101111111111
010111001001111110101111111111
010111001001111110101111111111
010111001001111110101111111111
010111001001111110101111111111
010111001001111110101111111111
010111001001111110101111111111
010111001001111110101111111111
010111001001111110101111111111
010111001001111110101111111111
010111001001111110101111111111
010111001001111110101111111111
010111001001111110101111111111
010111001001111110101111111111
010111001001111110101111111111
010111001001111110101111111111
010111001001111110101111111111
010111001001111110101111111111