101011111011110111011111001110
101011111111110111011111001110
101011111111110111011111001110
101011111111110111011111001110
101011111011110111011111001110
101011111111110111011111001110
101011111011110111011111001110
101011111111110111011111001110
101011111011110111011111001110
101011111111110111011111001110
101011111011110111011111001110
101011111111110111011111001110
101011111011110111011111001110
101011111111110111011111001110
101011111011110111011111001110
101011111111110111011111001110
101011111011110111011111001110
101011111111110111011111001110
101011111011110111011111001110
101011111111110111011111001110