101010111111111101011111001111
101011111111111111011111001110
101010111111111101011111001111
101011111111111111011111001110
101011111111111111011111001110
101011111111111111011111001110
101010111111111101011111001111
101011111111111111011111001110
101011111111111111011111001110
101011111111111111011111001110
101010111111111101011111001111
101011111111111111011111001110
101011111111111111011111001110
101011111111111111011111001110
101011111111111111011111001110
101011111111111111011111001110
101010111111111101011111001111
101011111111111111011111001110
101011111111111111011111001110
101011111111111111011111001110