010111011111111110101111111111
010111011111111110101111111111
010111011111111110101111111111
010111011111111110101111111111
010111011111111110101111111111
010111011111111110101111111111
010111011111111110101111111111
010111011111111110101111111111
010111011111111110101111111111
010111011111111110101111111111
010111011111111110101111111111
010111011111111110101111111111
010111011111111110101111111111
010111011111111110101111111111
010111011111111110101111111111
010111011111111110101111111111
010111011111111110101111111111
010111011111111110101111111111
010111011111111110101111111111
010111011111111110101111111111