101011111111111111011111101110
101011111111111111011111101110
101011111111111111011111101110
101011111111111111011111101110
101011111111111111011111101110
101011111111111111011111101110
101011111111111111011111101110
101011111111111111011111101110
101011111111111111011111101110
101011111111111111011111101110
101011111111111111011111101110
101011111111111111011111101110
101011111111111111011111101110
101011111111111111011111101110
101011111111111111011111101110
101011111111111111011111101110
101011111111111111011111101110
101011111111111111011111101110
101011111111111111011111101110
101011111111111111011111101110