011001111110111110111111111110
111001111110111110111111111110
111001111110111110111111111110
111001111110111110111111111110
011001111110111110111111111110
111001111110111110111111111110
011001111110111110111111111110
111001111110111110111111111110
011001111110111110111111111110
111001111110111110111111111110
011001111110111110111111111110
111001111110111110111111111110
111001111110111110111111111110
111001111110111110111111111110
011001111110111110111111111110
111001111110111110111111111110
011001111110111110111111111110
111001111110111110111111111110
011001111110111110111111111110
111001111110111110111111111110