101011111111111111111111101110
101011111111111111111111101110
101011111111111111111111101110
101011111111111111111111101110
111010111111011111111111101110
101011111111111111111111101110
101011111111111111111111101110
101011111111111111111111101110
101011111111111111111111101110
101011111111111111111111101110
101011111111111111111111101110
101011111111111111111111101110
111010111111011111111111101110
101011111111111111111111101110
101011111111111111111111101110
101011111111111111111111101110
101011111111111111111111101110
101011111111111111111111101110
101011111111111111111111101110
101011111111111111111111101110