111001111110111110111111111111
111001111110111110111111111111
111001111110111110111111111111
111001111110111110111111111111
111001111110111110111111111111
111001111110111110111111111111
111001111110111110111111111111
111001111110111110111111111111
111001111110111110111111111111
111001111110111110111111111111
111001111110111110111111111111
111001111110111110111111111111
111001111110111110111111111111
111001111110111110111111111111
111001111110111110111111111111
111001111110111110111111111111
111001111110111110111111111111
111001111110111110111111111111
111001111110111110111111111111
111001111110111110111111111111