101011111111101111111111101110
101011111111101111111111101110
101011111111111111111101101110
101011111111101111111111101110
101011111111101111111111101110
101011111111101111111111101110
101011111111101111111111101110
101011111111101111111111101110
101011111111101111111111101110
101011111111101111111111101110
101011111111101111111111101110
101011111111101111111111101110
101011111111101111111111101110
101011111111101111111111101110
101011111111101111111111101110
101011111111101111111111101110
101011111111101111111111101110
101011111111101111111111101110
101011111111101111111111101110
101011111111101111111111101110