101011111111101111111111101110
101011111111101111111111101110
101011111101101110111111101010
101011111111101111111111101110
101011111101101110111111101010
101011111111101111111111101110
101011111111101111111111101110
101011111111101111111111101110
101011111111101111111111101110
101011111111101111111111101110
101011111101101110111111101010
101011111111101111111111101110
101011111111101111111111101110
101011111111101111111111101110
101011111101101110111111101010
101011111111101111111111101110
101011111111101111111111101110
101011111111101111111111101110
101011111101101110111111101010
101011111111101111111111101110