011001111100111110111110101110
011001111110111110111110101110
011001111110111110111110101110
011001111110111110111110101110
011001111100111110111110101110
011001111110111110111110101110
011001111100111110111110101110
011001111110111110111110101110
011001111100111110111110101110
011001111110111110111110101110
011001111100111110111110101110
011001111110111110111110101110
011001111110111110111110101110
011001111110111110111110101110
011001111100111110111110101110
011001111110111110111110101110
011001111110111110111110101110
011001111110111110111110101110
011001111110111110111110101110
011001111110111110111110101110