101011111111101111111111101110
101011111111101111111111101110
101011111111101111111111101110
101011111111101111111111101110
101011111111101111111111101110
101011111111101111111111101110
101011111111101111111111101110
101011111111101111111111101110
101011111111101111111110101110
101011111111101111111111101110
101011111111101111111111101110
101011111111101111111111101110
101011111111101111111111101110
101011111111101111111111101110
101011111111101111111111101110
101011111111101111111111101110
101011111111101111111111101110
101011111111101111111111101110
101011111111101111111110101110
101011111111101111111111101110