010111111111111111101111111111
010111111111111111101111111111
110111111111111111001111111111
010111111111111111101111111111
110111111111111111001111101111
010111111111111111101111111111
110111111111111111001111101111
010111111111111111101111111111
110111111111111111001111101111
010111111111111111101111111111
010111111111111111101111111111
010111111111111111101111111111
110111111111111111001111111111
010111111111111111101111111111
110111111111111111001111111111
010111111111111111101111111111
110111111111111111001111101111
010111111111111111101111111111
110111111111111111001111101111
010111111111111111101111111111