101011111111101110111111101110
101011111111101111111111101110
101011111111101110111111101110
101011111111101111111111101110
101011111111101111111111101110
101011111111101111111111101110
101011111111101110111111101110
101011111111101111111111101110
101011111111101111111111101110
101011111111101111111111101110
101011111111101111111111101110
101011111111101111111111101110
101011111111101111111111101110
101011111111101111111111101110
101011111111101111111111101110
101011111111101111111111101110
101011111111101111111111101110
101011111111101111111111101110
101011111111101111111111101110
101011111111101111111111101110