101011111111101111111111101110
101111111111101111011111101110
101011111111101111111111101110
101111111111101111011111101110
101011111111101111111111101110
101111111111101111011111101110
101011111111101111111111101110
101111111111101111011111101110
101011111111101111111111101110
101111111111101111011111101110
101011111111101111111111101110
101111111111101111011111101110
101011111111101111111111101110
101111111111101111011111101110
101011111111101111111111101110
101111111111101111011111101110
101011111111101111111111101110
101111111111101111011111101110
101011111111101111111111101110
101111111111101111011111101110