110111111111111111101111111111
111111111111111111101111111111
110111111111111111101111111111
111111111111111111101111111111
110111111111111111101111111111
111111111111111111101111111111
110111111111111111101111111111
111111111111111111101111111111
110111111111111111101111111111
111111111111111111101111111111
110111111111111111101111111111
111111111111111111101111111111
110111111111111111101111111111
111111111111111111101111111111
110111111111111111101111111111
111111111111111111101111111111
110111111111111111101111111111
111111111111111111101111111111
110111111111111111101111111111
111111111111111111101111111111