101111111111101111111111101110
101111111111101111111111101110
101111111111101111111111101110
101111111111101111111111101110
101111111111101111111111101110
101111111111101111111111101110
101111111111101111111111101110
101111111111101111111111101110
101111111111101111111111101110
101111111111101111111111101110
101111111111001111111111101110
101111111111101111111111101110
101111111111101111111111101010
101111111111101111111111101110
101111111111101111111111101110
101111111111101111111111101110
101111111111101111111111101110
101111111111101111111111101110
101111111111101111111111101110
101111111111101111111111101110