101111111111111111111111101110
111111111111111111111111101100
101111111111111111111111101110
111111111111111111111111101100
101111111111111111111111101110
111111111111111111111111101100
101111111111111111111111101110
111111111111111111111111101100
101111111111111111111111101110
111111111111111111111111101100
101111111111111111111111101110
111111111111111111111111101100
111111111111111111111111101100
111111111111111111111111101100
101111111111111111111111101110
111111111111111111111111101100
101111111111111111111111101110
111111111111111111111111101100
101111111111111111111111101110
111111111111111111111111101100