101111111111111111111111101110
101111111111111111111111101110
101111111111111111111111101110
101111111111111111111111101110
101111111111111111111111101110
101111111111111111111111101110
111111101111111111111111101100
101111111111111111111111101110
101111111111111111111111101110
101111111111111111111111101110
101111111111111111111111101110
101111111111111111111111101110
101111111111111111111111101110
101111111111111111111111101110
101111111111111111111111101110
101111111111111111111111101110
101111111111111111111111101110
101111111111111111111111101110
101111111111111111111111101110
101111111111111111111111101110