101111111111111111111111101110
101111111111111111111111101110
101111111111111111111111101110
101111111111111111111111101110
101111111111111111111111101110
101111111111111111111111101110
101111111111111111111111101110
101111111111111111111111101110
101111111111111111111111101110
101111111111111111111111101110
101111111111111111111111101110
101111111111111111111111101110
101111111111111111111111101110
101111111111111111111111101110
101111111111111111111111101110
101111111111111111111111101110
101111111111111111111111101110
101111111111111111111111101110
101111111111111111111111101110
101111111111111111111111101110